                  Open        High         Low       Close    Volume  Dividends  Stock Splits
Date                                                                                         
2021-04-16  133.871700  134.240515  132.854949  133.732147  84922400        0.0             0
2021-04-19  133.084213  135.037969  132.914757  134.409973  94264200        0.0             0
2021-04-20  134.589414  135.097782  131.389644  132.685501  94812300        0.0             0
2021-04-21  131.937870  133.323437  130.881253  133.074234  68847100        0.0             0
2021-04-22  132.615709  133.722170  130.990918  131.519226  84566500        0.0             0
...                ...         ...         ...         ...       ...        ...           ...
2021-10-11  142.270004  144.809998  141.809998  142.809998  64452200        0.0             0
2021-10-12  143.229996  143.250000  141.039993  141.509995  73035900        0.0             0
2021-10-13  141.240005  141.399994  139.199997  140.910004  78762700        0.0             0
2021-10-14  142.110001  143.880005  141.509995  143.759995  69907100        0.0             0
2021-10-15  143.770004  144.895004  143.514999  144.839996  65076405        0.0             0

[128 rows x 7 columns]
